5028
5029
5030
5031
5032
5033
5034
5035
5036
5037
5038
5039
5040
5041
5042
5043
5044
5046
5047
5048
5049
5050
5051
5052
5053
5054
5055
5057
5058
5059
5060
5061
5062
5063
5064
5170
5171
5180
5187
5188
5189
5190
5191
5192
5222
5232
5233
5234
5235
5236
5237
5238
5239
5240
5241
5242
5243
5244
5245
5246
5247
5248
5249
5250
5251
5252
5253
5254
5255
5256
5257
5258
5259
5260
5261
5262
5263
5264
5265
5266
5267
5268
5269
5270
5271
5272
5273
5274
5275
5276
5277
5278
5279
5280
5281
5282
5283
5284
5285
5286
5287
5288
5289
5290
5291
5292
5293
5294
5295
5296
5298
5299
5300
5301
5302
5303
5304
5305
5306
5307
5308
5309
5310
5311
5312
5313
5314
5315
5316
5317
5318
5319
5320
5321
5322
5323
5324
5325
5326
5327
5328
5329
5330
5331
5332
5333
5334
5335
5336
5337
5338
5339
5340
5341
5342
5343
5344
5345
5346
5347
5348
5349
5350
5351
5352
5353
5354
5356
5357
5358
5359
5360
5398
5403
5404
5405
5406
5407
5408
5409
5410
5411
5412
5413
5414
5415
5416
5430
5431
5432
5433
5434
5435
5436
5437
5438
5439
5440
5441
5442
5443
5444
5445
5446
5447
5448
5449
5450
5451
5452
5453
5454
5455
5456
5457
5458
5459
5460
5461
5462
5463
5464
5465
5466
5467
5468
5469
5470
5471
5472
5473
5474
5475
5476
5477
5478
5479
5480
5481
5482
5483
5484
5485
5486
5487
5488
5489
5490
5491
5492
5493
5494
5495
5496
5497
5498
5499
5500
5501
5502
5503
5504
5505
5506
5507
5508
5509
5510
5511
5512
5513
5514
5515
5516
5517
5518
5519
5520
5521
5522
5523
5524
5525
5526
5527
5528
5529
5530
5531
5532
5533
5534
5535
5536
5537
5538
5539
5540
5541
5542
5543
5544
5545
5546
5547
5548
5549
5550
5551
5552
5553
5554
5555
5556
5557
5558
5559
5560
5561
5562
5563
5564
5565
5566
5567
5568
5569
5570
5571
5572
5573
5574
5575
5576
5577
5578
5579
5580
5581
5582
5583
5584
5585
5586
5587
5588
5589
5590
5591
5592
5593
5594
5595
5596
5597
5598
5599
5600
5601
5602
5603
5604
5605
5606
5607
5608
5609
5610
5611
5612
5613
5614
5615
5616
5617
5618
5619
5620
5621
5622
5623
5624
5625
5626
5627
5628
5629
5630
5631
5632
5633
5634
5635
5636
5637
5638
5639
5640
5641
5642
5643
5644
5645
5646
5647
5648
5649
5650
5651
5652
5653
5654
5655
5656
5657
5658
5659
5660
5661
5662
5663
5664
5665
5666
5667
5668
5669
5670
5671
5672
5673
5674
5675
5676
5677
5678
5679
5680
5681
5682
5683
5684
5685
5686
5687
5688
5689
5690
5691
5692
5693
5694
5695
5696
5697
5698
5699
5700
5701
5702
5703
5704
5705
5706
5707
5708
5709
5710
5711
5712
5713
5714
5715
5716
5717
5718
5719
5720
5721
5722
5723
5724
5725
5726
5727
5728
5729
5730
5731
5732
5733
5734
5735
5736
5737
5738
5739
5740
5741
5742
5743
5744
5745
5746
5747
5748
5749
5750
5751
5752
5753
5754
5755
5756
5757
5758
5759
5760
5761
5762
5763
5764
5765
5766
5767
5768
5769
5770
5771
5772
5773
5774
5775
5776
5777
5778
5779
5780
5781
5782
5783
5784
5785
5786
5787
5788
5789
5790
5791
5792
5793
5794
5795
5796
5797
5798
5799
5800
5801
5802
5803
5804
5805
5806
5807
5808
5809
5810
5811
5812
5813
5842
5843
5844
5845
5846
5847
5860
5861
5875
5876
5877
5878
5892
5893
5894
5895
5896
5903
5908
5909
5911
5913
5915
5917
5918
5919
5922
5923
5924
5925
5926
5927
5928
5929
5930
5931
5932
5942
5943
5944
5945
5946
5947
5948
5949
5972
5993
6017
6018
6033
6034
6036
6037
6098
6099
6178
6224
6237
6240
6241
6242
6243
6244
6295
6296
6297
6298
6299
6300
6301
6302
6303
6304
6305
6306
6307
6308
6309
6310
6311
6312
6313
6314
6315
6316
6317
6318
6319
6320
6321
6322
6323
6324
6325
6326
6327
6328
6329
6330
6331
6332
6333
6334
6335
6336
6337
6338
6339
6340
6341
6342
6343
6344
6345
6346
6347
6348
6349
6350
6351
6352
6353
6354
6355
6356
6357
6358
6359
6360
6361
6362
6363
6364
6365
6366
6367
6368
6369
6370
6371
6372
6373
6374
6375
6401
6409
6414
6418
6419
6442
6443
6444
6449
6450
6451
6452
6453
6454
6455
6475
6489
6490
6491
6492
6498
6499
6500
6501
6502
6503
6504
6505
6541
6559
6560
6561
6562
6563
6564
6565
6566
6567
6568
6569
6570
6571
6572
6573
6574
6575
6576
6577
6578
6579
6580
6581
6582
6583
6584
6585
6586
6587
6588
6589
6590
6591
6592
6593
6594
6595
6596
6597
6598
6599
6600
6601
6602
6603
6604
6605
6606
6607
6608
6609
6610
6611
6612
6613
6614
6615
6616
6617
6618
6619
6620
6621
6622
6623
6624
6625
6626
6627
6628
6629
6630
6631
6632
6633
6634
6635
6636
6637
6638
6639
6640
6641
6642
6643
6644
6645
6646
6647
6648
6649
6650
6651
6652
6653
6654
6655
6656
6657
6658
6659
6660
6661
6662
6663
6664
6665
6666
6667
6668
6669
6670
6671
6672
6673
6674
6675
6676
6677
6678
6679
6680
6681
6682
6683
6684
6685
6686
6687
6688
6689
6690
6691
6692
6693
6694
6695
6696
6697
6698
6699
6700
6701
6702
6703
6704
6705
6706
6707
6718
6719
6726
6727
6728
6729
6730
6731
6732
6733
6734
6735
6736
6737
6738
6739
6740
6741
6742
6743
6744
6745
6746
6747
6751
6752
6753
6754
6755
6756
6758
6761
6899
7000
7033
7083
7084
7307
7408
7409
7433
7435
7440
7442
7443
7444
7445
7446
7448
7449
7451
7453
7459
7462
7465
7466
7467
7468
7469
7470
7472
7473
7474
7475
7476
7477
7478
7479
7480
7482
7483
7484
7485
7486
7487
7488
7489
7490
7491
7492
7493
7494
7495
7496
7497
7498
7501
7502
7503
7504
7505
7506
7507
7508
7509
7510
7511
7512
7513
7514
7515
7516
7517
7518
7519
7520
7521
7522
7523
7524
7525
7526
7527
7528
7534
7535
7536
7537
7538
7539
7540
7541
7542
7543
7544
7545
7546
7547
7548
7549
7550
7551
7552
7553
7554
7555
7556
7557
7558
7559
7560
7561
7562
7563
7564
7565
7566
7567
7568
7569
7570
7571
7572
7573
7574
7575
7576
7577
7578
7579
7580
7581
7582
7583
7584
7585
7586
7587
7588
7589
7590
7591
7592
7593
7594
7595
7596
7597
7598
7599
7600
7601
7602
7603
7604
7605
7606
7612
7613
7614
7615
7616
7617
7618
7619
7648
7649
7650
7651
7652
7653
7654
7655
7656
7660
7703
7704
7705
7706
7707
7708
7709
7710
7711
7712
7713
7793
7822
7823
7824
7834
7835
7903
7904
7905
7906
7907
7908
7909
7910
7917
7922
7933
8026
8027
8028
8029
8030
8137
8138
8139
8140
8141
8142
8143
8144
8145
8146
8147
8148
8149
8150
8151
8152
8153
8154
8155
8158
8159
8160
8161
8162
8163
8164
8165
8166
8167
8168
8169
8170
8171
8172
8173
8174
8175
8176
8177
8178
8179
8180
8181
8182
8183
8184
8185
8186
8187
8188
8189
8190
8191
8192
8193
8194
8196
8197
8200
8202
8203
8206
8214
8215
8216
8217
8218
8219
8220
8221
8222
8223
8224
8225
8226
8227
8229
8230
8231
8232
8233
8234
8235
8236
8237
8238
8240
8241
8242
8243
8244
8245
8246
8247
8248
8250
8251
8252
8253
8254
8255
8257
8258
8259
8260
8261
8262
8263
8264
8265
8266
8267
8268
8269
8270
8271
8272
8317
8318
8319
8378
8379
8522
8523
8524
8532
8534
8535
8536
8537
8538
8539
8541
8543
8544
8545
8547
8548
8549
8550
8576
8582
8588
8589
8590
8591
8592
8593
8594
8595
8596
8597
8598
8601
8603
8608
8609
8610
8611
8634
8731
8732
8740
8741
8743
8744
8745
8746
8747
8751
8831
8978
8979
8980
8981
8982
8983
8984
8985
8986
8987
8988
8989
8990
8991
8992
8993
8994
8995
8996
8997
8998
8999
9000
9001
9002
9003
9004
9005
9006
9046
9048
9049
9050
9051
9052
9053
9055
9056
9057
9058
9061
9063
9064
9065
9066
9072
9074
9075
9076
9077
9079
9182
9206
9384
9628
9629
9630
9631
9632
9633
9690
9705
9854
9855
9856
9857
9858
9859
9874
9905
9949
9986
10021
10022
10023
10024
10025
10026
10027
10028
10029
10030
10031
10032
10033
10034
10035
10036
10037
10038
10039
10040
10041
10042
10043
10044
10045
10046
10047
10048
10049
10050
10051
10052
10053
10056
10057
10058
10059
10060
10061
10062
10063
10064
10065
10066
10067
10068
10069
10070
10071
10072
10073
10074
10075
10076
10077
10078
10079
10080
10081
10082
10083
10084
10085
10086
10087
10088
10089
10090
10091
10092
10093
10094
10095
10096
10097
10098
10100
10101
10103
10104
10105
10106
10107
10108
10109
10110
10111
10112
10114
10115
10117
10118
10119
10120
10121
10122
10123
10124
10125
10126
10127
10128
10129
10130
10131
10132
10133
10134
10135
10136
10137
10138
10139
10140
10141
10142
10143
10144
10145
10146
10147
10148
10149
10150
10151
10152
10153
10154
10155
10156
10157
10158
10159
10160
10161
10162
10163
10164
10165
10171
10217
10244
10337
10523
10524
10525
10526
10527
10528
10529
10530
10531
10532
10533
10534
10535
10536
10537
10538
10539
10540
10541
10542
10543
10544
10545
10546
10547
10548
10549
10550
10551
10552
10553
10554
10555
10556
10557
10558
10559
10560
10561
10562
10563
10564
10670
10762
11211
11260
11293
11420
11421
11471
11472
11473
11474
11475
11476
11477
11478
11479
11480
11481
11591
11592
11593
11594
11595
11596
11597
11599
11601
11602
11603
11625
11636
11638
11641
11831
11832
11833
11834
11835
11837
11838
11839
11841
11842
11843
11932
11933
11934
11937
11938
11939
11941
11942
11974
11977
12052
12054
12055
12060
12061
12062
12063
12064
12065
12066
12067
12068
12069
12070
12071
12082
12125
12126
12127
12128
12129
12130
12176
12177
12178
12179
12180
12181
12182
12183
12184
12185
12186
12187
12188
12190
12191
12192
12193
12194
12195
12196
12197
12199
12290
12292
12293
12294
12295
12565
12660
12738
12739
12741
12742
12743
12744
12745
12746
12747
12748
12749
12750
12751
12752
12753
12754
12755
12756
12757
12758
12759
12760
12761
12762
12763
12764
12765
12766
12767
12768
12769
12770
12771
12772
12773
12774
12775
12776
12777
12778
12779
12780
12781
12782
12783
12784
12785
12786
12787
12788
12789
12790
12791
12792
12793
12794
12795
12796
12797
12798
12799
12800
12801
12804
12805
12806
12807
12808
12809
12821
12822
12823
12824
12825
12826
12827
12829
12830
12831
12832
12834
12840
12841
12843
12844
12845
12846
12848
12849
12850
12851
12853
12854
12855
12856
12857
12858
12859
12861
12862
12863
12864
12865
12866
12867
12868
12869
12870
12871
12872
12873
12874
12875
12885
12886
12890
12937
13167
13206
13207
13217
13393
13394
13395
13396
13397
13398
13403
13404
13405
13406
13407
13408
13409
13410
13411
13412
13413
13414
13415
13416
13417
13418
13419
13420
13421
13422
13423
13424
13425
13435
13533
13535
13536
13537
13547
13548
13549
13550
13551
13552
13553
13554
13555
13556
13557
13558
13563
13613
13772
13776
13852
13853
13854
14101
14102
14103
14104
14105
14106
14107
14108
14109
14110
14111
14112
14113
14128
14129
14130
14132
14133
14134
14135
14136
14137
14276
14279
14405
14406
14407
14647
14822
14847
14886
14887
14950
14951
14952
14953
14954
14955
14956
14957
14958
14959
14960
14961
14962
14963
14964
14965
14966
14967
14968
14969
15079
15095
15096
15100
15266
15267
15271
15275
15277
15280
15281
15316
15319
15341
15342
15343
15594
15595
15614
15616
15627
15640
15641
15642
15643
15644
15645
15646
15647
15648
15649
15650
15697
16171
16256
16257
16259
16300
16427
16429
16431
16432
16665
16831
16843
16844
16860
16863
16864
16865
16866
16867
16868
16869
16870
16871
16872
16873
16874
16875
16876
16877
16878
16879
16880
16881
16882
16883
16884
16885
16886
16887
16888
16889
16890
16891
16892
16893
16894
16895
16896
16897
16898
16899
16900
16901
16902
16903
16904
16905
16906
17182
17183
17184
17185
17186
17187
17188
17189
17200
17208
17211
17212
17214
17216
17229
17254
17395
17422
17423
17424
17493
17494
17495
17496
17497
17498
17499
17500
17501
17503
17601
17628
17731
17802
17934
17936
17937
17938
17939
17940
17941
17942
17943
17944
17946
17947
17948
17950
17951
17952
17953
17954
17955
18227
18229
18231
18232
18233
18234
18235
18236
18237
18238
18239
18240
18241
18242
18243
18244
18245
18246
18247
18249
18250
18251
18253
18254
18255
18256
18257
18258
18259
18260
18261
18262
18263
18264
18265
18266
18267
18268
18269
18270
18271
18272
18273
18274
18275
18276
18277
18278
18279
18287
18288
18289
18290
18291
18292
18293
18294
18295
18296
18297
18298
18299
18300
18301
18302
18303
18304
18305
18306
18307
18308
18309
18310
18311
18312
18313
18314
18315
18316
18317
18325
18353
18355
18364
18365
18396
18397
18398
18713
18714
18715
18716
18717
18718
18719
18720
18721
18722
18723
18724
18725
18882
18883
18884
18885
18886
18887
18888
18979
18986
19686
19687
20136
20476
20581
20582
20583
20584
20585
20586
20587
20588
20589
20590
20591
20592
20593
20594
20595
20596
20597
20598
20599
20600
20601
20602
20603
20604
20605
20606
20607
20608
20609
20610
20611
20612
20613
20614
20615
20616
20617
20618
20619
20620
20621
20622
20623
20624
20625
20626
20627
20628
20629
20630
20631
20632
20633
20634
20635
20636
20830
20970
20971
20972
20973
20974
20975
20976
20977
20979
20981
20982
20983
20984
20986
20988
21134
21142
21144
21145
21147
21151
21161
21168
21340
21341
21342
21343
21344
21345
21346
21347
21348
21349
21350
21351
21353
21354
21355
21356
21357
21359
21360
21361
21362
21364
21365
21366
21367
21368
21369
21370
21372
21373
21374
21383
21385
21386
21388
21389
21391
21392
21393
21394
21395
21396
21397
21398
21400
21401
21402
21403
21405
21406
21407
21409
21410
21411
21412
21413
21415
21416
21417
21418
21419
21420
21421
21422
21423
21424
21425
21426
21427
21428
21429
21430
21431
21432
21433
21434
21435
21436
21437
21438
21439
21440
21441
21442
21443
21444
21445
21446
21447
21448
21449
21450
21451
21452
21453
21454
21455
21456
21457
21458
21459
21460
21461
21462
21463
21464
21465
21466
21467
21468
21469
21470
21471
21472
21473
21474
21475
21476
21477
21478
21479
21480
21481
21482
21483
21484
21485
21486
21487
21488
21489
21490
21491
21492
21493
21494
21495
21496
21497
21498
21499
21500
21501
21502
21503
21504
21505
21506
21507
21509
21510
21511
21512
21513
21514
21515
21516
21517
21518
21519
21520
21521
21522
21523
21524
21563
21564
21565
21566
21567
21568
21569
21570
21571
21572
21573
21574
21575
21576
21577
21578
21579
21580
21581
21582
21583
21584
21591
21592
21594
21595
21596
21597
21600
21602
21603
21604
21605
21606
21607
21608
21610
21611
21612
21614
21615
21618
21619
21620
21621
21622
21623
21624
21625
21626
21627
21628
21629
21633
21635
21636
21637
21638
21639
21648
21649
21650
21651
21652
21653
21654
21655
21656
21657
21658
21659
21660
21661
21662
21663
21664
21665
21666
21667
21669
21670
21671
21672
21673
21674
21675
21677
21678
21680
21681
21808
21984
21987
21988
21990
21991
21994
22008
22010
22012
22016
22029
22032
22033
22034
22035
22037
22038
22039
22042
22044
22045
22046
22048
22049
22050
22054
22055
22056
22057
22059
22061
22062
22063
22064
22065
22066
22067
22068
22069
22070
22072
22073
22074
22075
22076
22077
22078
22079
22080
22081
22082
22083
22084
22085
22089
22090
22095
22096
22098
22099
22101
22102
22103
22104
22105
22106
22107
22108
22109
22110
22111
22261
22277
22278
22280
22282
22283
22285
22286
22287
22288
22291
22293
22294
22295
22297
22298
22299
22300
22301
22324
22325
22339
22352
22972
22973
22995
22997
22998
23001
23005
23009
23038
23040
23042
23043
23044
23045
23047
23049
23050
23051
23095
23096
23097
23100
23104
23146
23147
23148
23149
23150
23152
23153
23154
23155
23156
23157
23158
23159
23160
23161
23162
23163
23164
23192
23193
23194
23195
23196
23197
23198
23199
23200
23201
23202
23203
23204
23205
23206
23207
23208
23209
23210
23211
23212
23213
23214
23216
23217
23218
23219
23220
23221
23222
23223
23224
23226
23227
23228
23230
23231
23232
23233
23235
23238
23239
23240
23241
23242
23243
23244
23246
23247
23248
23249
23250
23251
23252
23253
23254
23255
23256
23257
23258
23259
23260
23261
23262
23263
23264
23265
23266
23267
23268
23269
23270
23271
23272
23273
23274
23275
23276
23277
23278
23279
23280
23281
23283
23619
23623
23625
23627
23633
23741
24194
24283
24285
24286
24289
24290
24292
24296
24297
24298
24299
24300
24301
24304
24305
24308
24309
24313
24314
24315
24316
24317
24318
24321
24323
24326
24331
24332
24333
24335
24336
24338
24340
24342
24343
24345
24346
24347
24349
24350
24356
24357
24358
24359
24360
24361
24362
24363
24364
24365
24383
24636
24637
24638
24717
24836
24837
24838
24839
24843
25016
25017
25126
25226
25607
25667
25668
25669
25670
25672
25673
25927
25928
25929
25930
25931
25932
25933
25936
25938
25941
25944
25945
25946
25947
25948
25951
25953
25960
25963
25986
25988
25991
26003
26005
26010
26011
26012
26013
26015
26031
26032
26033
26034
26035
26037
26120
26122
26124
26125
26126
26146
26153
26156
26158
26161
26170
26172
26173
26174
26192
26193
26194
26195
26196
26203
26204
26205
26206
26207
26208
26210
26211
26212
26213
26214
26220
26221
26257
26261
26265
26272
26279
26280
26288
26289
26290
26291
26292
26293
26294
26295
26299
26300
26335
26336
26337
26338
26339
26340
26365
26368
26369
26370
26371
26372
26373
26374
26375
26376
26377
26378
26382
26383
26385
26387
26388
26389
26392
26397
26398
26399
26400
26409
26410
26422
26424
26426
26427
26433
26446
26454
26455
26456
26457
26460
26462
26464
26465
26466
26467
26468
26469
26470
26483
26484
26485
26505
26506
26507
26560
26562
26563
26565
26570
26574
26575
26576
26579
26580
26582
26584
26585
26586
26588
26596
26599
26600
26602
26603
26605
26608
26611
26612
26614
26615
26617
26623
26665
26680
26681
26682
26683
26684
26685
26686
26687
26692
26693
26694
26695
26696
26697
26698
26699
26700
26701
26702
26703
26704
26705
26706
26707
26708
26709
26710
26712
26713
26714
26716
26724
26725
26726
26732
26744
26745
26746
26747
26748
26755
26756
26758
26759
26770
26772
26773
26776
26778
26779
26780
26781
26783
26784
26785
26787
26790
26792
26793
26794
26795
26855
26962
27034
27218
27219
27220
27221
27601
27605
27609
27612
27614
27615
27620
27622
27625
27628
27635
28248
28996
28997
29161
30041
30161
30164
30165
30193
30194
30570
30725
31560
31561
31562
31563
31564
31566
31567
31569
31963
31964
31967
31970
31971
31972
31974
32012
32013
32014
32015
32016
32017
32018
32019
32020
32021
32022
32023
32024
32025
32027
32028
32031
32032
32033
32034
32035
32037
32038
32039
32040
32041
32043
32044
32045
32046
32047
32048
32085
32102
32113
32116
32154
32596
32597
32762
32770
32978
33469
33687
33808
33809
35103
35568
35961
35962
35963
35964
36140
36141
36143
36144
36246
36621
37101
37102
37105
37107
37108
37285
38081
38398
38399
38624
38632
38634
38635
38636
38775
38776
38777
38778
38779
38780
38781
38782
38784
38785
38786
38787
38789
39034
39035
39036
39037
39038
39039
39040
39041
39042
39043
39044
39045
39046
39047
39048
39049
39050
39051
39052
39053
39055
39057
39058
39060
39064
39065
39066
39067
39069
39072
39076
39099
39105
39106
39109
39112
39117
39121
39123
39139
39140
39141
39142
39145
39146
39158
39159
39160
39161
39163
39165
39166
39167
39168
39169
39172
39173
39180
39186
39188
39190
39191
39200
39204
39206
39207
39208
39209
39224
39225
39226
39227
39228
39229
39230
39231
39232
39233
39234
39235
39236
39237
39238
39240
39241
39243
39244
39245
39247
39249
39253
39254
39255
39256
39257
39258
39259
39260
39261
39262
39267
39268
39269
39273
39275
39281
39282
39284
39285
39289
39290
39293
39294
39295
39296
39297
39298
39299
39300
39301
39305
39306
39310
39312
39313
39314
39315
39316
39317
39320
39321
39323
39324
39326
39329
39330
39331
39333
39335
39338
39339
39341
39343
39345
39347
39348
39349
39350
39351
39352
39353
39357
39375
39376
39377
39380
39381
39382
39383
39386
39389
39397
39399
39407
39410
39414
39415
39416
39417
39419
39421
39422
39423
39424
39425
39449
39450
39451
39453
39455
39456
39457
39459
39460
39462
39464
39466
39468
39470
39473
39475
39478
39481
39482
39483
39487
39489
39510
39514
39515
39518
39520
39524
39530
39545
39547
39548
39552
39556
39558
39564
39567
39572
39575
39577
39579
39584
39586
39606
39609
39610
39612
39625
39629
39630
39632
39636
39638
39639
39641
39643
39644
39646
39648
39649
39650
39651
39652
39654
39655
39657
39658
39673
39674
39675
39676
39677
39704
39705
39706
39707
39708
39709
39710
39711
39712
39713
39714
39715
39716
39717
39718
39719
39720
39721
39722
39723
39724
39725
39726
39727
39728
39729
39730
39731
39732
39733
39734
39735
39736
39737
39738
39739
39740
39741
39742
39743
39744
39746
39747
39748
39749
39752
39753
39754
39755
39756
39757
39758
39759
39760
39761
39762
39764
39766
39767
39769
39770
39771
39772
39773
39774
39775
39776
39777
39778
39779
39780
39781
39782
39784
39785
39786
39787
39788
39789
39790
39791
39792
40038
40039
40040
40042
40043
40044
40046
40047
40048
40049
40051
40052
40054
40118
40121
40124
40127
40132
40133
40134
40135
40139
40144
40148
40164
40168
40169
40171
40174
40176
40177
40178
40181
40183
40184
40186
40188
40190
40193
40194
40197
40199
40206
40207
40211
40213
40215
40216
40217
40218
40219
40222
40223
40224
40226
40227
40228
40232
40233
40234
40235
40236
40237
40238
40239
40241
40242
40243
40244
40245
40246
40247
40248
40249
40250
40251
40252
40253
40254
40255
40256
40260
40261
40262
40263
40264
40265
40266
40267
40271
40273
40274
40275
40278
40280
40282
40291
40292
40293
40294
40295
40296
40297
40298
40299
40300
40302
40303
40304
40305
40306
40307
40308
40309
40310
40312
40313
40314
40316
40317
40319
40321
40323
40324
40325
40326
40328
40329
40330
40331
40332
40334
40336
40338
40341
40342
40343
40344
40345
40346
40347
40348
40349
40350
40351
40352
40355
40359
40360
40361
40362
40364
40365
40366
40368
40369
40370
40372
40373
40374
40375
40463
40464
40465
40467
40472
40473
40475
40476
40479
40483
40484
40487
40488
41104
41109
41112
41115
41129
41137
41139
41142
41348
41350
41353
41354
41356
41357
41358
41359
41361
41659
41662
41664
41666
41667
41668
41672
41676
41694
41695
41696
41697
41698
41699
41700
41702
41705
41706
41708
41709
41712
41713
41723
41736
41738
41740
41743
41745
41749
41751
41753
41761
41763
41765
41766
41767
41771
41827
41829
41830
41832
41845
41846
42524
42525
43113
43114
43115
43116
43117
43118
43119
43120
43121
43123
43667
43668
43671
43672
43673
43674
43684
43715
43719
43722
43726
43741
43743
43791
44212
44215
44223
44226
46921
46923
46925
46927
46928
46929
46931
46933
47689
47690
47691
47692
47693
47696
48721
49090
49092
49093
49094
49095
49096
49097
49098
49099
49100
49101
49102
49104
49106
49107
49108
49109
49111
49112
49113
49115
49117
49119
49120
49121
49122
49123
49125
49126
49127
49128
49129
49130
49131
49132
49133
49134
49135
49136
49137
49138
49139
49140
49141
49142
49291
49295
49316
49317
49318
51007
51396
51398
51399
51401
51402
51404
51405
51406
51409
51410
51411
51539
51540
51541
51542
51543
51544
51545
51546
51548
51552
51553
51554
51555
51556
51558
51559
51567
51568
51569
51572
51573
51574
51578
51580
51581
51587
51599
51601
51603
51604
51605
51606
51607
51608
51609
51610
51612
51613
51614
51616
51617
51619
51620
51621
51622
51623
51624
51626
51631
51632
51634
51635
51636
51637
51638
51639
51640
51641
51642
51644
51645
51646
51647
51648
51649
51650
51651
51652
51653
51654
51655
51656
51657
51658
51663
52013
52204
52761
52764
52771
52772
52773
52775
52790
52792
52797
52798
52802
53479
53482
55735
57449
57451
58518
58519
58520
58521
58522
58523
58524
58525
58526
58527
58528
58529
58530
58531
58532
58533
58534
58541
59462
59463
59465
59467
59470
59621
59623
60009
61512
61515
62495
62524
63052
63053
63054
63057
63059
63060
63064
63067
63068
63069
63070
63071
63072
63073
63075
63077
63078
63079
63081
63434
63436
63437
63438
63439
63441
63443
63444
63447
63448
63449
63450
63451
63452
63453
63454
63456
63457
63462
63484
63485
63486
63488
64161
64164
64168
64170
64174
64175
64179
64180
64181
64182
64183
64184
64185
64186
64188
64193
64195
64746
64750
64754
64844
64845
64846
64847
65062
65063
65064
65066
65067
65068
65070
65071
65072
65073
65074
65075
65077
65078
65080
65081
65082
65084
65086
65087
65088
65089
65090
65948
65950
65951
65952
65953
65955
65956
65957
65959
65960
65961
66405
66416
66417
66418
66677
66681
66683
66687
66688
66780
66781
66782
66783
66786
66787
66788
66789
66790
66791
66793
66795
66796
66797
66798
66799
66800
66802
66803
66804
66807
66808
66809
66810
66811
66812
66813
66814
66828
66830
66832
66842
66843
66844
66846
66847
66848
66849
67091
67574
67591
67664
67700
67702
67827
67846
68112
68114
68141
68307
68309
68313
68319
68738
68742
68743
68745
68942
68993
69176
69177
69179
69180
69181
69182
69183
69184
69185
69187
69443
69444
69445
69446
69447
69448
69449
69451
69452
69453
69454
69455
69456
70337
70339
70340
70341
70343
70345
70350
70351
70460
70462
70463
70464
70465
70466
70467
70469
70470
70768
70769
70771
70772
70774
70775
71592
71876
71953
71954
71956
72014
72015
72016
72575
72576
72801
72802
72804
72805
72806
72807
72808
72809
72810
72811
72812
72814
72815
72816
72817
72818
72823
72824
72826
72827
72828
72829
72830
72832
72833
72834
72835
72836
72837
72840
72843
72844
72846
72848
72849
72850
72851
72852
72853
72869
72870
72871
72872
72873
72874
72875
72876
72877
72878
72879
72880
72881
72882
72883
72884
72885
72886
72965
73299
73301
73302
73303
73304
73305
73306
73307
73308
73309
73373
73773
73774
73775
73777
73779
73993
74030
74033
74035
74037
74038
74039
74040
74042
74043
74049
74050
74054
74055
74056
74057
74058
74094
74108
74111
74127
74128
74130
74131
74133
74134
74136
74139
74327
74328
74329
74599
74600
74601
75786
75788
75789
75790
75791
75793
75795
75796
75798
75799
75802
75803
75804
75805
75806
75809
75811
75813
75814
75815
75816
75817
75818
76327
76469
76514
76670
76671
77279
77437
77438
77439
77440
77447
77449
77450
77451
77453
77455
77456
77457
77458
77459
77460
77462
77464
77465
77466
77467
77469
77470
77471
77479
77797
77798
77799
77978
78334
78335
78336
78337
78338
78339
78340
78341
78342
78343
78344
78345
78346
78457
78462
78654
78657
78658
78780
78781
78782
78783
79039
79041
79042
79043
79046
79047
79048
79049
79051
79052
79053
79054
79055
79056
79057
79058
79059
79477
79478
79479
79481
79482
79483
79484
79485
79486
79487
79488
79489
79490
79491
79492
79493
79494
79495
79496
79497
79499
79500
79501
79502
79503
79504
79516
79763
80156
80175
80176
80177
80183
80184
80185
80187
80188
80189
80190
80191
80192
80317
80318
80319
80320
80321
80323
80669
80670
80671
80672
80673
80674
80675
80677
80678
80679
80681
80682
80683
80686
80687
80688
80689
80691
80692
80693
81049
81123
81148
81171
82801
82846
82847
83048
83838
84176
84177
84178
84180
84181
84182
84183
84184
84186
84190
84191
84192
84193
84205
84206
84207
84210
84214
84215
84216
84217
84218
84219
84767
84768
84771
84774
84775
84777
84778
84779
85692
86212
86328
88485
88719
88720
88721
88722
88723
88724
88905
88906
88907
88908
88909
88910
88912
88913
88914
88915
88916
88917
88918
88919
88920
88921
88922
88924
88925
89695
90314
90745
90912
91296
91299
91300
91301
91302
91373
91376
91377
91378
91379
91380
91383
91385
91386
91387
91810
91811
91812
93845
93846
93847
93848
93849
93851
93852
93853
94202
94203
94206
94282
94283
94288
94291
94311
94333
94426
94432
94444
94507
94525
94528
94543
94552
94564
94594
94595
94604
94605
94606
94610
94611
94612
94613
94618
94619
94622
94623
94636
94637
94649
94652
94653
94654
94712
94718
94723
94725
94727
94729
94730
94733
94737
94739
94740
94744
94746
94750
94752
94753
94755
94756
94757
94760
94762
94767
94768
94769
94791
94812
94832
94853
94921
94945
94997
95034
95037
95041
95042
95043
95123
95215
95221
95234
95256
95268
95287
95292
95307
95329
95339
95347
95394
95398
95414
95443
95481
95493
95503
95511
95520
95571
95572
95599
95604
95605
95716
95721
95793
95795
95798
95811
95827
95881
95882
95883
95884
95885
95896
95898
95907
95908
95917
95918
95979
95994
96040
96041
96042
96043
96074
96080
96134
96139
96253
96429
96561
96754
97245
97249
97254
97709
97790
97822
97930
97951
98032
98142
98950
99400
99401
99402
99404
99633
99634
99676
99686
99707
99791
100582
100663
100673
100674
100805
101168
101169
101310
101311
101312
101314
101315
101316
101317
101320
101322
101323
101325
101326
101327
101329
101332
101333
101334
101335
101346
101348
101349
101350
101351
101352
101353
101354
101355
101356
101357
101358
101359
101360
101361
101362
101363
101364
101365
101366
101367
101368
101369
101370
101371
101373
101374
101375
101376
101377
101378
101379
101380
101381
101382
101383
101384
101385
101386
101387
101388
101389
101390
101391
101392
101393
101394
101395
101396
101397
101398
101399
101400
101401
101402
101403
101404
101405
101406
101407
101408
101409
101410
101411
101413
101414
101415
101416
101417
101418
101419
101420
101421
101422
101423
101424
101425
101426
101427
101428
101429
101430
101431
101432
101433
101434
101435
101436
101437
101438
101439
101440
101441
101442
101443
101444
101445
101446
101447
101448
101449
101450
101451
101452
101453
101454
101455
101456
101457
101458
101459
101460
101461
101462
101463
101464
101465
101466
101467
101468
101469
101470
101471
101472
101473
101474
101475
101476
101477
101478
101479
101480
101481
101482
101483
101484
101485
101486
101487
101488
101489
101490
101491
101492
101493
101494
101495
101496
101497
101498
101499
101500
101501
101502
101503
101504
101505
101506
101507
101508
101509
101510
101511
101512
101513
101514
101515
101516
101517
101518
101519
101520
101521
101522
101523
101524
101525
101526
101527
101528
101529
101530
101531
101532
101533
101534
101535
101536
101537
101538
101539
101540
101541
101542
101543
101544
101545
101546
101547
101548
101549
101551
101552
101553
101554
101555
101556
101557
101558
101591
101631
101978
102276
102281
102363
102536
102661
103148
103149
103151
103153
103154
103156
103158
103159
103160
103161
103162
103224
103226
103228
103229
103230
103232
103234
103235
103236
103237
103238
103239
103240
103241
103242
103243
103244
103245
103246
103248
103546
104611
104615
104618
104619
104621
104623
104624
104626
104628
104629
104630
104631
104632
104633
104635
104636
104637
105809
105810
105811
105812
106027
106491
106492
107644
107652
107791
108038
108239
108354
108355
108357
108420
108421
108422
108423
108424
108425
108426
108428
108431
108433
108437
108439
108440
108582
108710
108711
108712
108713
108714
109070
109104
109158
109159
109160
109161
109162
109163
109164
109165
109166
109167
109225
109258
109259
109394
109395
109396
109397
109398
109399
109400
109471
109472
109473
109645
109646
109647
109648
109650
109795
111056
111057
111268
111269
111270
111272
111273
111274
111275
111276
111277
111278
111279
111280
111281
111282
111283
111284
111285
111286
111287
111289
111290
111291
111293
111294
111295
111297
111821
111822
111823
113595
113596
113695
113696
113697
113698
113699
113700
114018
114019
114020
114021
114022
114023
114024
114025
114026
114076
114078
114081
114082
114316
114318
114319
114320
114321
114322
114323
114324
114325
114326
114327
114328
114329
114330
114331
114332
114333
114335
114336
114337
114338
114724
114800
114802
114803
114804
114805
114806
114807
114808
114809
114810
114811
114812
114813
114814
114815
114816
114817
114818
114840
114841
114842
114843
114844
114845
114846
114847
114848
114849
114850
114851
115477
116773
116881
118709
118711
118712
118726
119122
119397
125120
125470
126006
126266
126596
126598
126600
126601
126602
126603
149765
151922
151923
151924
151925
151926
151927
151928
151929
151930
151931